8.2
15.7
21.5
19.7
22.3
16.9
55.2
175.1
361.3
523.0
681.8
834.5
990.3
1122.3
1274.4
1420.4
1571.5
1713.5
1843.7
2002.1
2168.4
2287.5
2406.3
2549.1
2705.1
2844.6
2992.6
3106.9
3227.5
3326.2
3480.4
3611.1
3717.8
3894.8
4021.9
3878.2
3580.7
3362.8
3135.8
2927.4
2737.2
2559.7
2386.0
2192.0
2027.5
1852.0
1695.8
1544.5
1383.5
1235.6
1094.3
968.9
832.7
696.0
567.4
441.8
328.4
204.1
87.4
-32.4
-148.5
-244.7
-334.8
-350.8
-325.7
-299.1
-282.6
-269.4
-258.1
-250.7
-241.6
-235.1
-230.9
-227.1
-219.4
-213.4
-208.4
-203.3
-198.8
-194.2
