127.9
-47.2
-56.7
-57.4
78.6
155.9
156.5
142.8
107.9
483.9
869.8
1081.3
1437.2
1778.9
2143.4
2298.4
2483.9
2722.4
3034.6
3367.2
3569.8
3972.7
4256.2
4401.9
4780.2
4649.2
4181.3
3931.0
3564.8
3013.1
2791.1
2523.5
2226.1
1873.7
1565.6
1218.2
885.2
535.2
233.1
-62.5
-359.4
-581.7
-571.6
-560.7
-539.1
-518.9
-499.9
-483.3
-481.9
-482.2
-450.6
-443.7
-420.1
-486.6
-531.2
-477.3
-433.5
-424.6
-419.3
-418.2
-414.7
-411.2
-408.1
-405.5
-402.7
-399.5
-396.9
-394.5
-391.2
-390.1
-388.2
-385.1
-382.9
-390.4
-381.1
-380.8
-380.9
-372.8
-377.2
-371.2
-365.8
-362.3
-358.5
-357.4
-355.7
-355.4
-355.0
-354.2
-354.0
-349.6
-348.5
