-28.9
-35.5
-35.9
-38.3
-35.4
-32.6
-27.5
-32.1
-34.6
-32.6
114.3
303.4
478.8
652.0
796.8
961.7
1132.3
1295.2
1458.1
1604.3
1761.3
1927.2
2083.8
2250.0
2394.6
2559.1
2714.8
2877.5
3027.8
3179.8
3323.8
3473.9
3616.6
3528.0
3708.4
3871.2
4024.5
4138.0
3930.7
3678.4
3460.4
3237.2
3023.5
2817.9
2610.0
2413.1
2233.1
2039.5
1853.0
1663.4
1479.4
1309.1
1132.2
961.2
796.2
619.2
473.1
312.2
146.2
0.2
-152.7
-299.8
-437.6
-573.1
-703.0
-794.9
-782.2
-766.4
-760.2
-748.2
-737.6
-729.1
-719.4
-712.9
-705.5
-706.4
-698.3
-695.9
-690.8
-686.0
-685.3
-674.6
-670.9
-670.0
-666.4
-664.3
-663.3
-660.7
-658.1
-658.7
-652.6
-649.4
-646.7
-651.5
-643.9
-647.2
-646.0
-644.3
-642.5
-641.1
-639.7
-638.1
-638.0
-635.0
-628.3
-601.5
-604.0
-603.5
-602.2
-621.2
-620.0
-618.3
-616.7
