-1.5
-2.8
-8.0
-8.8
-7.1
-8.1
-21.9
-57.1
61.8
198.5
330.8
463.7
598.6
728.8
864.5
995.1
1126.9
1267.4
1405.2
1536.3
1683.6
1827.3
1971.7
2110.1
2243.5
2380.7
2504.5
2631.4
2765.3
2882.1
3005.6
3139.0
3268.7
3397.9
3538.0
3625.2
3445.0
3247.5
3086.9
2917.4
2743.2
2571.3
2415.9
2254.6
2078.7
1922.0
1758.4
1602.5
1429.5
1277.0
1125.9
967.6
833.8
704.9
569.9
440.3
308.1
186.4
70.1
-42.1
-149.8
-245.3
-347.4
-400.0
-408.8
-399.5
-395.1
-387.3
-379.3
-373.1
-370.1
-365.9
-361.6
-343.9
-348.8
-344.0
-341.2
-338.4
-335.9
-333.5
-331.2
-328.9
-327.3
-325.5
-323.7
-321.9
-320.7
-321.2
-319.7
-318.5
-315.9
-314.6
-313.2
-312.3
-311.0
-310.0
-308.5
-307.3
-306.3
-305.2
-304.4
-303.5
-302.4
-301.5
-300.7
-299.8
-299.3
-298.3
-297.5
-296.9
-296.2
-295.3
-294.8
-294.0
-293.5
-293.5
-293.8
-291.3
-290.9
-290.4
-289.5
-288.9
-288.5
-288.0
-287.2
-286.7
-285.8
-284.5
-282.4
-281.7
-280.7
-280.0
-279.2
-278.6
-278.1
-277.7
-277.1
-276.7
-276.1
-276.1
-275.2
-275.0
-274.4
-274.3
-273.6
-273.2
-273.0
-272.6
-272.3
-271.8
-271.3
-271.0
-272.6
-270.1
-270.3
