3.7
-9.6
-12.4
-11.4
-10.5
-2.1
-7.3
8.9
173.5
550.7
919.5
1273.5
1618.7
1967.6
2320.6
2665.7
3016.8
3341.9
3641.8
3964.5
4252.6
4494.5
4778.2
5087.5
5349.9
5327.2
5056.0
4693.3
4331.0
3985.6
3614.2
3252.6
2888.6
2510.3
2132.2
1752.2
1400.3
1062.7
736.2
415.6
114.2
-166.0
-192.3
-199.1
-174.5
-167.5
-173.9
-141.9
-136.7
-174.6
-158.5
-152.8
-151.3
-146.7
-142.4
-138.7
-136.6
-134.1
-127.6
-125.1
-122.3
-120.1
-117.9
-115.5
-113.4
-111.9
-103.7
-107.3
-106.1
-104.5
-103.2
-101.5
-100.3
-98.9
-97.7
-96.5
-95.6
-94.4
-93.2
-89.8
-78.4
-72.3
-67.9
-79.3
-82.2
-84.7
-83.7
-83.7
-83.7
-82.7
-82.2
-82.0
-81.5
-78.2
-74.6
-72.4
-76.7
-76.0
-73.4
-56.8
-61.2
-58.5
-59.3
-59.9
-57.8
-59.6
-59.9
-60.8
-55.3
-55.5
-55.1
-53.0
-52.7
-51.9
