0.8
0.3
0.2
0.4
0.4
0.7
0.5
1.5
-0.5
-0.8
-0.6
-0.9
-0.8
-0.9
-1.0
-0.6
31.4
72.6
117.9
157.1
196.5
237.8
281.1
320.4
359.7
400.4
440.1
478.6
518.5
557.6
594.8
636.1
679.1
716.5
759.0
799.7
844.2
884.7
927.5
969.3
1014.3
1061.2
1108.8
1147.8
1115.1
1042.5
981.5
927.6
875.4
823.7
774.6
726.2
681.2
632.8
592.9
551.3
507.2
466.0
428.0
389.4
348.5
310.1
272.4
234.6
195.0
158.5
120.0
84.3
45.8
9.7
-25.7
-58.7
-61.7
-58.2
-55.2
-53.0
-51.0
-49.2
-47.4
-46.1
-44.8
-43.4
-42.8
-41.5
-40.6
-39.7
-38.9
-38.1
-37.3
-36.6
-36.0
-35.0
-34.5
-33.9
-33.5
-32.9
-32.4
-32.0
-31.5
-30.6
-30.4
-29.5
-28.3
-27.9
-27.5
-27.2
-26.9
-26.4
-26.6
-26.0
-25.6
-25.4
-25.1
-24.9
-24.9
-24.6
-24.3
-24.2
-23.8
-23.8
-23.5
-23.7
-23.4
-24.0
-23.5
-23.0
-23.8
-23.5
-23.1
-23.0
-22.7
-22.7
-22.3
-22.3
-22.1
-22.0
-21.7
-21.7
-21.6
-21.4
-21.4
-21.2
-19.6
-19.9
-20.2
-20.7
-20.3
-20.0
-19.1
