0.2
0.1
0.5
-0.2
-0.2
0.5
0.5
-0.5
-0.2
-0.2
0.6
1.3
1.1
0.7
1.0
39.6
81.6
123.3
164.5
206.6
247.7
284.0
326.6
365.9
403.4
446.0
486.8
517.5
557.8
599.6
635.7
679.5
718.4
760.1
801.6
845.8
890.5
933.7
979.3
1009.5
1068.2
1119.8
1167.9
1219.2
1266.6
1318.4
1372.3
1422.4
1479.4
1530.4
1581.8
1627.5
1668.9
1714.6
1786.6
1886.3
1962.3
2035.9
2110.5
2190.4
2285.8
2370.4
2468.2
2564.4
2659.0
2748.5
2838.4
2929.5
3030.2
3160.6
3136.9
2958.4
2813.7
2673.0
2545.5
2418.0
2291.9
2180.9
2067.4
1961.3
1864.8
1777.9
1681.7
1590.3
1508.8
1430.5
1355.1
1285.9
1222.4
1157.5
1093.4
1035.6
976.8
931.8
874.5
823.8
777.1
732.0
686.5
639.5
599.4
558.7
517.9
479.8
439.9
405.6
365.8
331.3
293.3
258.4
220.9
185.4
147.8
86.5
106.5
86.2
51.5
17.1
-15.5
-47.9
-82.1
-113.3
-143.7
-175.2
-202.7
-228.8
-228.6
-223.0
-218.2
-213.4
-210.2
-207.4
-205.0
-202.6
-200.4
-198.6
-196.9
-195.0
-193.5
-193.3
-190.8
-189.5
-188.2
-187.1
-185.7
-185.5
-183.5
-181.7
-180.7
-179.4
-178.8
-178.6
-175.0
-174.3
-173.1
-172.0
-171.4
-170.5
-168.9
-168.5
-167.9
-167.2
-167.0
-166.8
-167.2
-168.3
-167.7
-167.1
-166.8
-166.2
-165.7
-166.1
-165.8
-165.1
-163.5
-162.6
-181.0
-161.4
-161.0
-185.6
-155.7
-161.7
-140.4
-174.3
-155.4
-151.2
-114.6
-124.9
-161.2
-114.1
-137.6
-148.0
-94.5
-68.5
-162.2
-86.6
-86.8
-86.7
-86.6
-86.4
-86.4
-86.2
-86.3
-86.2
-86.1
-86.1
-86.1
-86.2
-86.0
-86.2
-85.9
